# 622 2
4.382335662841796875e+00 2.783478498458862305e+00
4.098525524139404297e+00 2.796382188796997070e+00
4.246000766754150391e+00 5.409529685974121094e+00
3.007733583450317383e+00 4.009449005126953125e+00
3.791670799255371094e+00 3.116535425186157227e+00
3.093084812164306641e+00 4.394567012786865234e+00
3.441111564636230469e+00 3.587075233459472656e+00
3.384973287582397461e+00 4.824694156646728516e+00
3.576000213623046875e+00 3.833418369293212891e+00
2.829816102981567383e+00 4.475166797637939453e+00
3.893063068389892578e+00 4.082899093627929688e+00
3.222021341323852539e+00 4.381586551666259766e+00
4.064083576202392578e+00 5.114633083343505859e+00
5.464728355407714844e+00 5.289665222167968750e+00
3.441094160079956055e+00 5.041751384735107422e+00
3.430042743682861328e+00 3.881829023361206055e+00
3.159121513366699219e+00 4.103343486785888672e+00
3.577375888824462891e+00 3.469084739685058594e+00
3.491742372512817383e+00 3.985700368881225586e+00
3.434041261672973633e+00 3.638741016387939453e+00
4.027079582214355469e+00 3.543353796005249023e+00
3.480402469635009766e+00 4.416800022125244141e+00
4.088402748107910156e+00 3.748593091964721680e+00
4.346047401428222656e+00 3.500535249710083008e+00
3.621596097946166992e+00 4.500967025756835938e+00
4.375983715057373047e+00 4.442993164062500000e+00
4.215813159942626953e+00 5.205296993255615234e+00
4.101989269256591797e+00 3.137857675552368164e+00
4.400341033935546875e+00 4.663059711456298828e+00
3.792268037796020508e+00 5.238511562347412109e+00
4.339436531066894531e+00 4.449516296386718750e+00
4.132187843322753906e+00 4.697910785675048828e+00
4.580642700195312500e+00 5.256480693817138672e+00
4.021169185638427734e+00 3.859189271926879883e+00
4.497925281524658203e+00 4.432201862335205078e+00
4.032933235168457031e+00 4.447658061981201172e+00
5.626897335052490234e+00 3.113344907760620117e+00
4.494041919708251953e+00 5.054899692535400391e+00
4.005598545074462891e+00 4.099233150482177734e+00
4.885540485382080078e+00 5.396999359130859375e+00
4.280703067779541016e+00 4.742783069610595703e+00
4.234828472137451172e+00 4.085347175598144531e+00
4.714573860168457031e+00 3.879630804061889648e+00
4.311861515045166016e+00 4.057619094848632812e+00
5.137389659881591797e+00 4.913002967834472656e+00
4.730905532836914062e+00 4.476212501525878906e+00
4.387503147125244141e+00 5.544051647186279297e+00
5.538256645202636719e+00 3.184022188186645508e+00
5.701739311218261719e+00 3.029481172561645508e+00
4.861794471740722656e+00 4.313765048980712891e+00
5.794581890106201172e+00 4.782937049865722656e+00
5.002393245697021484e+00 4.065503597259521484e+00
6.015444755554199219e+00 3.228420972824096680e+00
4.911620140075683594e+00 3.715638637542724609e+00
5.209091186523437500e+00 3.731994867324829102e+00
5.247815132141113281e+00 4.763720512390136719e+00
4.792059898376464844e+00 3.509768962860107422e+00
5.811873912811279297e+00 3.524503231048583984e+00
4.654926776885986328e+00 3.817149877548217773e+00
6.011812210083007812e+00 4.700497627258300781e+00
5.961551666259765625e+00 3.204557657241821289e+00
5.124750614166259766e+00 4.142151832580566406e+00
4.801514625549316406e+00 3.777744531631469727e+00
5.701992988586425781e+00 4.095537662506103516e+00
5.981193542480468750e+00 5.343434333801269531e+00
5.398454666137695312e+00 3.871300458908081055e+00
5.554393768310546875e+00 4.649971961975097656e+00
6.046788692474365234e+00 4.823984622955322266e+00
5.967110633850097656e+00 4.399869918823242188e+00
5.843933582305908203e+00 3.680120706558227539e+00
6.493858814239501953e+00 3.644912958145141602e+00
5.878358364105224609e+00 4.030620098114013672e+00
5.410144805908203125e+00 3.795252084732055664e+00
6.335513591766357422e+00 4.247763156890869141e+00
5.832550048828125000e+00 3.939374446868896484e+00
6.173906326293945312e+00 5.120709896087646484e+00
7.176316261291503906e+00 3.970038175582885742e+00
6.237806797027587891e+00 5.370170116424560547e+00
6.851899147033691406e+00 4.084698677062988281e+00
5.804276943206787109e+00 3.272911310195922852e+00
5.614953517913818359e+00 4.357619762420654297e+00
6.550494670867919922e+00 4.777176856994628906e+00
7.623658180236816406e+00 4.337190628051757812e+00
4.392240524291992188e+00 3.150068759918212891e+00
5.280519962310791016e+00 3.795937299728393555e+00
5.257204532623291016e+00 5.542431354522705078e+00
6.370214462280273438e+00 3.180579185485839844e+00
4.958247661590576172e+00 4.224333286285400391e+00
4.078972339630126953e+00 4.651995658874511719e+00
3.887468099594116211e+00 5.580554962158203125e+00
6.132448196411132812e+00 3.140396595001220703e+00
5.877378940582275391e+00 3.680675506591796875e+00
5.239517688751220703e+00 4.497338294982910156e+00
5.265291690826416016e+00 4.207950115203857422e+00
5.446794986724853516e+00 4.430678367614746094e+00
5.761825561523437500e+00 4.238495349884033203e+00
4.922833442687988281e+00 4.644721031188964844e+00
5.270111560821533203e+00 4.542158126831054688e+00
4.394440174102783203e+00 3.424090147018432617e+00
5.553061962127685547e+00 4.619811058044433594e+00
5.392952442169189453e+00 3.882580280303955078e+00
5.070213317871093750e+00 5.125325679779052734e+00
5.004205703735351562e+00 3.914141178131103516e+00
5.759404182434082031e+00 3.583282470703125000e+00
6.573948383331298828e+00 4.651844978332519531e+00
4.919275283813476562e+00 4.929559707641601562e+00
5.071012020111083984e+00 3.128561973571777344e+00
4.736358165740966797e+00 4.646860599517822266e+00
5.421431064605712891e+00 5.049019813537597656e+00
5.088657855987548828e+00 3.071341991424560547e+00
4.793898582458496094e+00 5.253858089447021484e+00
5.654882431030273438e+00 2.836830139160156250e+00
5.610960006713867188e+00 3.658467769622802734e+00
4.768177032470703125e+00 4.516612052917480469e+00
5.955898284912109375e+00 4.581488132476806641e+00
4.796233654022216797e+00 3.180474042892456055e+00
4.715079784393310547e+00 4.262756824493408203e+00
5.513247966766357422e+00 3.563557624816894531e+00
5.038724422454833984e+00 4.910480976104736328e+00
5.329887866973876953e+00 4.468165874481201172e+00
5.503680229187011719e+00 4.357921600341796875e+00
4.946325778961181641e+00 3.859003067016601562e+00
5.082204341888427734e+00 4.168570995330810547e+00
5.468576908111572266e+00 4.626048088073730469e+00
5.482541084289550781e+00 4.389213562011718750e+00
5.113264083862304688e+00 4.433256626129150391e+00
5.161664485931396484e+00 4.156980991363525391e+00
5.139905452728271484e+00 4.384483814239501953e+00
5.730567455291748047e+00 4.461821079254150391e+00
4.853655338287353516e+00 4.047243118286132812e+00
5.293852806091308594e+00 4.536257266998291016e+00
5.280043125152587891e+00 3.891858577728271484e+00
4.891425609588623047e+00 4.725299358367919922e+00
4.504162311553955078e+00 4.514911651611328125e+00
5.500760078430175781e+00 3.323891401290893555e+00
5.018045425415039062e+00 3.546307086944580078e+00
5.504783630371093750e+00 4.514267921447753906e+00
5.250602722167968750e+00 4.102613449096679688e+00
5.446091651916503906e+00 3.661248683929443359e+00
5.432420253753662109e+00 3.940245628356933594e+00
4.244180202484130859e+00 5.312565803527832031e+00
5.396991252899169922e+00 3.711329698562622070e+00
5.298261165618896484e+00 4.373011112213134766e+00
5.709328651428222656e+00 4.362567901611328125e+00
5.684525012969970703e+00 4.285027980804443359e+00
4.503403663635253906e+00 5.485967159271240234e+00
5.710954189300537109e+00 3.489044666290283203e+00
5.772333145141601562e+00 4.806630134582519531e+00
6.018812656402587891e+00 3.733291149139404297e+00
5.693304061889648438e+00 3.856018781661987305e+00
5.124563217163085938e+00 3.856116056442260742e+00
6.346687316894531250e+00 3.790865659713745117e+00
6.331266403198242188e+00 3.630005121231079102e+00
6.196384429931640625e+00 3.803266525268554688e+00
6.122451782226562500e+00 4.229497909545898438e+00
6.676615715026855469e+00 4.163306713104248047e+00
6.304333686828613281e+00 3.675335168838500977e+00
6.188029766082763672e+00 3.575879812240600586e+00
6.102249622344970703e+00 4.633105754852294922e+00
6.759546756744384766e+00 3.519458055496215820e+00
6.131911754608154297e+00 4.764456272125244141e+00
6.232356548309326172e+00 4.624084949493408203e+00
4.419690608978271484e+00 3.921270370483398438e+00
6.495331287384033203e+00 4.884106159210205078e+00
6.025188922882080078e+00 4.753262996673583984e+00
5.099799156188964844e+00 3.379541873931884766e+00
4.955205917358398438e+00 4.244398593902587891e+00
5.608736991882324219e+00 4.058248519897460938e+00
5.139158725738525391e+00 5.038802146911621094e+00
5.053541183471679688e+00 5.256843566894531250e+00
6.187235832214355469e+00 4.708299636840820312e+00
5.996091842651367188e+00 3.420924901962280273e+00
5.822928428649902344e+00 3.729415178298950195e+00
5.955487251281738281e+00 4.150521755218505859e+00
5.960155010223388672e+00 3.528687000274658203e+00
6.187025547027587891e+00 3.325077295303344727e+00
5.894200801849365234e+00 3.405954360961914062e+00
6.194124698638916016e+00 3.340107679367065430e+00
6.218617439270019531e+00 3.748809576034545898e+00
6.014991760253906250e+00 4.058794021606445312e+00
7.404989719390869141e+00 4.523531913757324219e+00
5.576506137847900391e+00 2.795655250549316406e+00
7.319350242614746094e+00 4.185621261596679688e+00
6.761855125427246094e+00 4.163812160491943359e+00
4.238786220550537109e+00 5.592184543609619141e+00
6.485898494720458984e+00 4.931799888610839844e+00
6.113850116729736328e+00 5.802936553955078125e+00
5.988714694976806641e+00 4.887354850769042969e+00
6.958672523498535156e+00 4.240261077880859375e+00
5.998005867004394531e+00 4.277385711669921875e+00
6.132234096527099609e+00 4.746555328369140625e+00
6.534301757812500000e+00 5.027086734771728516e+00
7.688918590545654297e+00 5.377710342407226562e+00
6.458194255828857422e+00 4.059386730194091797e+00
3.966997385025024414e+00 5.000217437744140625e+00
6.520385265350341797e+00 4.412042140960693359e+00
5.399716854095458984e+00 4.848792552947998047e+00
5.824441909790039062e+00 3.930934906005859375e+00
5.932104110717773438e+00 4.851014614105224609e+00
6.027144432067871094e+00 4.109261512756347656e+00
5.080088138580322266e+00 5.517961025238037109e+00
6.543869495391845703e+00 4.346556186676025391e+00
6.004388809204101562e+00 4.017335414886474609e+00
6.451405525207519531e+00 3.593802690505981445e+00
6.656890392303466797e+00 4.246329307556152344e+00
6.266106605529785156e+00 3.926963567733764648e+00
5.700796604156494141e+00 4.164613246917724609e+00
6.548186779022216797e+00 4.114409446716308594e+00
6.918200492858886719e+00 4.190340518951416016e+00
6.430230617523193359e+00 4.009199619293212891e+00
6.545422554016113281e+00 3.842115879058837891e+00
6.182996273040771484e+00 4.323039531707763672e+00
6.424656867980957031e+00 4.431762695312500000e+00
6.524803161621093750e+00 4.186232566833496094e+00
6.436280727386474609e+00 4.302176475524902344e+00
6.629136085510253906e+00 3.811329603195190430e+00
6.660448551177978516e+00 3.865039587020874023e+00
6.645195960998535156e+00 4.245702743530273438e+00
6.842081546783447266e+00 4.051921367645263672e+00
6.918148040771484375e+00 3.854541301727294922e+00
6.727830410003662109e+00 4.017432689666748047e+00
6.732241630554199219e+00 4.481999874114990234e+00
7.005791664123535156e+00 4.437483787536621094e+00
4.183995246887207031e+00 5.652351379394531250e+00
6.933712482452392578e+00 4.091724395751953125e+00
7.355326175689697266e+00 4.056392192840576172e+00
7.392036437988281250e+00 4.385629177093505859e+00
6.883519172668457031e+00 4.845582485198974609e+00
7.253124713897705078e+00 4.911522865295410156e+00
4.261219978332519531e+00 5.707355976104736328e+00
6.750331401824951172e+00 5.710940361022949219e+00
7.351129055023193359e+00 4.264273166656494141e+00
7.244577884674072266e+00 4.168641090393066406e+00
7.504389762878417969e+00 4.495659351348876953e+00
6.790177822113037109e+00 6.085812091827392578e+00
5.037297248840332031e+00 5.376985549926757812e+00
7.088376998901367188e+00 5.404260158538818359e+00
4.518749713897705078e+00 5.460000991821289062e+00
5.193343162536621094e+00 5.271803855895996094e+00
4.700123310089111328e+00 4.845849037170410156e+00
5.519938945770263672e+00 5.450084686279296875e+00
5.227097988128662109e+00 5.753903865814208984e+00
5.515689849853515625e+00 5.019652366638183594e+00
5.406414985656738281e+00 5.598126888275146484e+00
6.171845912933349609e+00 5.079719543457031250e+00
5.266248226165771484e+00 5.304673194885253906e+00
5.588615894317626953e+00 5.313609123229980469e+00
5.925183296203613281e+00 5.390717029571533203e+00
5.701979160308837891e+00 5.033404350280761719e+00
5.091484069824218750e+00 5.195950031280517578e+00
4.574966907501220703e+00 4.605224132537841797e+00
5.697741985321044922e+00 4.655519008636474609e+00
6.545830726623535156e+00 4.786417484283447266e+00
6.814871788024902344e+00 5.479333877563476562e+00
5.479219436645507812e+00 4.783072948455810547e+00
6.311488151550292969e+00 4.391809463500976562e+00
5.949226856231689453e+00 4.652898788452148438e+00
6.149732112884521484e+00 4.417237281799316406e+00
5.238487243652343750e+00 4.837184429168701172e+00
4.378462791442871094e+00 5.645573139190673828e+00
6.314738273620605469e+00 4.487385749816894531e+00
7.035491466522216797e+00 4.867081642150878906e+00
5.803716182708740234e+00 5.169432163238525391e+00
5.563765525817871094e+00 5.093567848205566406e+00
7.149508476257324219e+00 4.791517257690429688e+00
6.968107223510742188e+00 4.416352272033691406e+00
6.492458820343017578e+00 4.935512065887451172e+00
6.756849765777587891e+00 5.068541526794433594e+00
6.944046497344970703e+00 4.502692222595214844e+00
6.306901931762695312e+00 5.147696971893310547e+00
6.235711097717285156e+00 5.203578472137451172e+00
5.388742446899414062e+00 4.811401844024658203e+00
6.055040836334228516e+00 5.041058063507080078e+00
7.258285045623779297e+00 4.676808834075927734e+00
7.002896308898925781e+00 4.616797447204589844e+00
6.464649200439453125e+00 4.990164279937744141e+00
6.647845268249511719e+00 4.528465270996093750e+00
7.026433944702148438e+00 4.899571895599365234e+00
6.796105384826660156e+00 4.461414813995361328e+00
6.723099708557128906e+00 5.025593757629394531e+00
6.901474952697753906e+00 5.318743228912353516e+00
6.953990936279296875e+00 5.019133567810058594e+00
6.620630741119384766e+00 4.355308055877685547e+00
6.317328453063964844e+00 5.052398681640625000e+00
6.985015869140625000e+00 4.910161495208740234e+00
6.427358150482177734e+00 4.646311759948730469e+00
6.973902702331542969e+00 4.794178009033203125e+00
5.499673843383789062e+00 5.297896862030029297e+00
7.173397541046142578e+00 4.758075714111328125e+00
6.828238010406494141e+00 4.726034641265869141e+00
7.135205745697021484e+00 4.586017131805419922e+00
6.074341773986816406e+00 5.326753139495849609e+00
6.698070049285888672e+00 4.644528388977050781e+00
7.167144298553466797e+00 4.415592670440673828e+00
6.777822494506835938e+00 5.477884292602539062e+00
7.085788249969482422e+00 5.135043144226074219e+00
6.945582389831542969e+00 4.959648609161376953e+00
7.142388820648193359e+00 4.485284805297851562e+00
7.525206565856933594e+00 4.734140396118164062e+00
7.205163955688476562e+00 4.990818500518798828e+00
7.264849662780761719e+00 4.965089797973632812e+00
7.406319141387939453e+00 5.044672966003417969e+00
7.174882888793945312e+00 4.977725028991699219e+00
7.135587692260742188e+00 4.640402317047119141e+00
7.358893394470214844e+00 4.702337741851806641e+00
7.231840133666992188e+00 5.081136226654052734e+00
7.117809772491455078e+00 5.044651031494140625e+00
7.038273334503173828e+00 5.543110847473144531e+00
7.059937477111816406e+00 5.260434150695800781e+00
7.491897583007812500e+00 4.989875316619873047e+00
7.433966636657714844e+00 5.166284084320068359e+00
7.502770900726318359e+00 5.090360641479492188e+00
7.286068916320800781e+00 5.627810955047607422e+00
6.576493263244628906e+00 6.163987636566162109e+00
7.297147274017333984e+00 5.526210784912109375e+00
5.014673233032226562e+00 5.022150039672851562e+00
6.468605995178222656e+00 6.178961277008056641e+00
4.138684749603271484e+00 4.510812759399414062e+00
4.928063392639160156e+00 6.265238761901855469e+00
3.873237371444702148e+00 4.231056690216064453e+00
4.370533943176269531e+00 5.397248744964599609e+00
5.207623481750488281e+00 5.440757274627685547e+00
4.567244529724121094e+00 3.377399921417236328e+00
4.241951942443847656e+00 4.146893024444580078e+00
6.490947723388671875e+00 4.860096931457519531e+00
6.612605571746826172e+00 5.961222171783447266e+00
6.818063735961914062e+00 5.207084655761718750e+00
6.913800239562988281e+00 5.519865989685058594e+00
4.733110427856445312e+00 5.734117984771728516e+00
7.315458297729492188e+00 5.733170509338378906e+00
6.310464382171630859e+00 5.200181484222412109e+00
5.384440422058105469e+00 5.602210044860839844e+00
6.315246582031250000e+00 5.809597492218017578e+00
6.596242427825927734e+00 5.634902477264404297e+00
5.546056270599365234e+00 5.595156192779541016e+00
7.237535953521728516e+00 5.411411285400390625e+00
6.736526489257812500e+00 6.120103836059570312e+00
5.869705677032470703e+00 5.749625682830810547e+00
4.410514831542968750e+00 4.939364433288574219e+00
6.834266662597656250e+00 5.529545307159423828e+00
6.379188060760498047e+00 5.706768512725830078e+00
4.284957885742187500e+00 5.902806282043457031e+00
6.163269519805908203e+00 5.566486835479736328e+00
3.623871326446533203e+00 2.639285326004028320e+00
6.077353477478027344e+00 5.385240554809570312e+00
5.744276523590087891e+00 5.288524627685546875e+00
5.673432826995849609e+00 4.935636043548583984e+00
5.709810733795166016e+00 5.862174987792968750e+00
6.287474632263183594e+00 5.890814781188964844e+00
6.166495323181152344e+00 5.434896945953369141e+00
7.156448841094970703e+00 5.826437950134277344e+00
6.427221775054931641e+00 5.630117893218994141e+00
6.122395992279052734e+00 5.491226673126220703e+00
6.453479290008544922e+00 5.705268859863281250e+00
6.684699058532714844e+00 5.349534511566162109e+00
6.035168647766113281e+00 6.302357673645019531e+00
5.715599536895751953e+00 5.430400371551513672e+00
6.997577190399169922e+00 5.339082241058349609e+00
6.614486217498779297e+00 5.419397830963134766e+00
6.598558902740478516e+00 5.426887989044189453e+00
4.815380573272705078e+00 5.801846981048583984e+00
5.044153690338134766e+00 4.482958316802978516e+00
4.754724979400634766e+00 4.609529495239257812e+00
4.954272270202636719e+00 5.991873264312744141e+00
6.923637390136718750e+00 5.278437137603759766e+00
7.099961280822753906e+00 3.713024377822875977e+00
5.084427356719970703e+00 5.211509227752685547e+00
5.579259395599365234e+00 5.760823249816894531e+00
5.978219985961914062e+00 4.381633281707763672e+00
6.587623119354248047e+00 5.356596946716308594e+00
6.128319263458251953e+00 6.301833152770996094e+00
6.430651187896728516e+00 5.370204925537109375e+00
5.940669536590576172e+00 5.472157478332519531e+00
6.244819641113281250e+00 5.379871368408203125e+00
6.260385513305664062e+00 5.792918682098388672e+00
6.856834888458251953e+00 5.623145580291748047e+00
6.756052970886230469e+00 6.101139545440673828e+00
5.883443355560302734e+00 5.808924198150634766e+00
6.352107048034667969e+00 6.181403160095214844e+00
6.930954456329345703e+00 5.870498657226562500e+00
6.726793289184570312e+00 5.689087390899658203e+00
4.236708641052246094e+00 5.170121192932128906e+00
6.554959774017333984e+00 5.761863231658935547e+00
6.266192913055419922e+00 5.867947101593017578e+00
5.478893280029296875e+00 5.952100753784179688e+00
3.842441797256469727e+00 5.895320415496826172e+00
6.548962116241455078e+00 6.043015480041503906e+00
5.522769927978515625e+00 5.787966251373291016e+00
7.179015159606933594e+00 5.661508083343505859e+00
7.038087368011474609e+00 5.851092815399169922e+00
6.117146015167236328e+00 6.046364784240722656e+00
6.829425811767578125e+00 6.184819221496582031e+00
6.243128299713134766e+00 5.968503952026367188e+00
6.978568077087402344e+00 6.077651977539062500e+00
6.667488098144531250e+00 5.996382236480712891e+00
6.833598613739013672e+00 6.010673046112060547e+00
6.399209499359130859e+00 6.522148609161376953e+00
4.487328529357910156e+00 6.241298675537109375e+00
6.755385398864746094e+00 6.213848114013671875e+00
6.695249557495117188e+00 6.322612285614013672e+00
6.567374706268310547e+00 6.341979503631591797e+00
6.767471790313720703e+00 6.455758094787597656e+00
6.213771343231201172e+00 6.531937122344970703e+00
4.812376499176025391e+00 5.821961402893066406e+00
5.827079296112060547e+00 6.573612689971923828e+00
4.881608009338378906e+00 6.944866657257080078e+00
3.428729772567749023e+00 4.961511135101318359e+00
4.096459388732910156e+00 5.097575187683105469e+00
3.501695394515991211e+00 5.130410671234130859e+00
6.132767200469970703e+00 6.700278282165527344e+00
4.740573883056640625e+00 6.284427642822265625e+00
4.399356842041015625e+00 6.306319713592529297e+00
4.176741600036621094e+00 5.507257938385009766e+00
3.776176452636718750e+00 5.355748653411865234e+00
4.534170627593994141e+00 6.105166435241699219e+00
4.221014499664306641e+00 5.781966686248779297e+00
4.955566883087158203e+00 6.377720355987548828e+00
4.643437862396240234e+00 5.970959186553955078e+00
5.539639472961425781e+00 6.041540145874023438e+00
4.897229671478271484e+00 5.907039165496826172e+00
4.029501914978027344e+00 6.082091808319091797e+00
4.193482398986816406e+00 4.434478282928466797e+00
5.647559642791748047e+00 5.055127620697021484e+00
5.207597732543945312e+00 5.739730834960937500e+00
5.692800998687744141e+00 5.669807434082031250e+00
5.783409118652343750e+00 5.382018089294433594e+00
5.943311214447021484e+00 6.197552680969238281e+00
4.819628238677978516e+00 5.179809093475341797e+00
4.582988739013671875e+00 5.881776809692382812e+00
6.186498641967773438e+00 5.477148532867431641e+00
6.126358985900878906e+00 6.151359081268310547e+00
8.029234886169433594e+00 5.079369068145751953e+00
5.849128723144531250e+00 6.777760028839111328e+00
5.079372406005859375e+00 5.767025470733642578e+00
5.822098255157470703e+00 6.346727371215820312e+00
5.774484157562255859e+00 6.393173694610595703e+00
5.995897293090820312e+00 6.779734611511230469e+00
5.831989288330078125e+00 5.632620811462402344e+00
3.023416280746459961e+00 3.312484264373779297e+00
4.964909076690673828e+00 5.580864906311035156e+00
6.077537536621093750e+00 6.522901535034179688e+00
6.023686885833740234e+00 6.180738449096679688e+00
5.931694030761718750e+00 6.089911937713623047e+00
5.690739631652832031e+00 5.748899936676025391e+00
4.212770462036132812e+00 6.068845748901367188e+00
5.299024105072021484e+00 6.329134464263916016e+00
5.367627620697021484e+00 6.132859230041503906e+00
6.261068820953369141e+00 6.122411251068115234e+00
5.935353755950927734e+00 6.761960983276367188e+00
4.521887302398681641e+00 5.849958419799804688e+00
5.107181549072265625e+00 5.694820404052734375e+00
5.738852024078369141e+00 6.244551658630371094e+00
5.542667865753173828e+00 6.317169189453125000e+00
5.448265075683593750e+00 6.313589572906494141e+00
5.764782905578613281e+00 5.906990528106689453e+00
5.673347949981689453e+00 6.651849269866943359e+00
5.416718482971191406e+00 6.881746292114257812e+00
5.580036640167236328e+00 6.277230739593505859e+00
5.430913925170898438e+00 5.888786315917968750e+00
5.484542846679687500e+00 5.839200973510742188e+00
5.311600208282470703e+00 6.013184547424316406e+00
6.156147003173828125e+00 6.244112491607666016e+00
4.448125839233398438e+00 5.667225837707519531e+00
4.090078830718994141e+00 6.476995944976806641e+00
5.170783519744873047e+00 6.645151615142822266e+00
5.588627338409423828e+00 6.056832313537597656e+00
5.079993724822998047e+00 6.110735893249511719e+00
5.810087680816650391e+00 6.004654884338378906e+00
5.575567722320556641e+00 6.284366607666015625e+00
4.398734569549560547e+00 5.597755432128906250e+00
5.264762401580810547e+00 6.288676738739013672e+00
5.089473247528076172e+00 6.886067867279052734e+00
4.009222030639648438e+00 6.579028129577636719e+00
5.565165519714355469e+00 6.688073158264160156e+00
6.211881160736083984e+00 6.453454017639160156e+00
5.107451438903808594e+00 6.432023048400878906e+00
4.595277309417724609e+00 6.723866939544677734e+00
5.481925964355468750e+00 6.695866584777832031e+00
5.371087074279785156e+00 6.788726329803466797e+00
4.814898490905761719e+00 6.639038562774658203e+00
4.457672119140625000e+00 6.871986389160156250e+00
4.579846382141113281e+00 6.826019287109375000e+00
5.444195747375488281e+00 6.757606983184814453e+00
7.078284263610839844e+00 3.087767124176025391e+00
4.931202888488769531e+00 6.836158752441406250e+00
3.702657938003540039e+00 6.318929195404052734e+00
3.319228172302246094e+00 4.860527515411376953e+00
2.881762742996215820e+00 3.665462255477905273e+00
3.061531305313110352e+00 4.251312732696533203e+00
4.069966316223144531e+00 2.669207334518432617e+00
7.342942714691162109e+00 6.409231185913085938e+00
2.464563131332397461e+00 5.070453166961669922e+00
2.341710567474365234e+00 4.348119735717773438e+00
3.073016405105590820e+00 5.120501518249511719e+00
2.503731966018676758e+00 5.294547557830810547e+00
2.958337306976318359e+00 4.967459201812744141e+00
3.943156480789184570e+00 5.815289974212646484e+00
3.873061180114746094e+00 5.961858272552490234e+00
3.183371305465698242e+00 5.456447601318359375e+00
2.987003326416015625e+00 5.598913192749023438e+00
6.076883792877197266e+00 6.951141357421875000e+00
4.252707958221435547e+00 7.030786991119384766e+00
4.281729698181152344e+00 6.300700664520263672e+00
2.550570487976074219e+00 5.777553081512451172e+00
4.098193168640136719e+00 6.764380931854248047e+00
4.993031024932861328e+00 7.120460033416748047e+00
3.629914283752441406e+00 2.662781000137329102e+00
2.773909568786621094e+00 6.391286373138427734e+00
4.036628246307373047e+00 6.930130481719970703e+00
3.992165088653564453e+00 6.669193744659423828e+00
4.607902526855468750e+00 6.550983428955078125e+00
2.584929943084716797e+00 4.804131031036376953e+00
3.195689201354980469e+00 6.406186580657958984e+00
4.593223571777343750e+00 6.453855514526367188e+00
3.917729854583740234e+00 5.994518280029296875e+00
2.789566278457641602e+00 5.690185546875000000e+00
2.833409547805786133e+00 6.251389980316162109e+00
3.617495775222778320e+00 6.573056221008300781e+00
4.075302124023437500e+00 6.666994571685791016e+00
3.607060670852661133e+00 6.851426124572753906e+00
4.584209918975830078e+00 6.106592178344726562e+00
2.944885730743408203e+00 6.057842254638671875e+00
3.299048423767089844e+00 6.084538459777832031e+00
3.471115589141845703e+00 6.034020423889160156e+00
3.959674835205078125e+00 6.080177783966064453e+00
3.945657014846801758e+00 6.345988750457763672e+00
3.552112579345703125e+00 6.645395278930664062e+00
3.495081663131713867e+00 5.482708930969238281e+00
3.030320882797241211e+00 3.290096282958984375e+00
3.265404462814331055e+00 5.453310012817382812e+00
3.382546424865722656e+00 4.933158397674560547e+00
3.582288980484008789e+00 6.067153930664062500e+00
3.644111156463623047e+00 5.718348979949951172e+00
3.192895174026489258e+00 6.016037940979003906e+00
3.281513214111328125e+00 3.441029071807861328e+00
7.067243576049804688e+00 3.145931959152221680e+00
3.638551712036132812e+00 3.148217916488647461e+00
3.912106752395629883e+00 5.339684963226318359e+00
3.708679676055908203e+00 4.488152027130126953e+00
3.999758720397949219e+00 4.605321884155273438e+00
4.651616096496582031e+00 5.922952175140380859e+00
3.963537454605102539e+00 4.734486103057861328e+00
3.524033308029174805e+00 4.639898300170898438e+00
3.772018194198608398e+00 4.159541130065917969e+00
4.563186168670654297e+00 4.413170337677001953e+00
4.102851390838623047e+00 5.150527954101562500e+00
4.397854328155517578e+00 5.795918464660644531e+00
4.709158420562744141e+00 5.662205219268798828e+00
4.649910449981689453e+00 3.330744028091430664e+00
4.592119216918945312e+00 5.056571483612060547e+00
5.294788837432861328e+00 2.610927104949951172e+00
3.896744728088378906e+00 4.839165210723876953e+00
5.355490684509277344e+00 3.261736392974853516e+00
5.333613395690917969e+00 3.074582099914550781e+00
5.707980155944824219e+00 5.056227684020996094e+00
4.640347957611083984e+00 3.591409921646118164e+00
5.087306022644042969e+00 5.807898044586181641e+00
4.549312114715576172e+00 2.702293395996093750e+00
5.776548862457275391e+00 5.607180118560791016e+00
5.016407489776611328e+00 5.093801975250244141e+00
5.329005241394042969e+00 4.825524330139160156e+00
4.635190486907958984e+00 5.198232173919677734e+00
4.016878128051757812e+00 5.864076614379882812e+00
3.810369968414306641e+00 4.006695270538330078e+00
5.006327629089355469e+00 5.862572193145751953e+00
4.235456466674804688e+00 4.468344688415527344e+00
4.537347316741943359e+00 4.938222408294677734e+00
5.006548404693603516e+00 2.868100404739379883e+00
4.816067695617675781e+00 3.163207530975341797e+00
4.758687019348144531e+00 3.914422512054443359e+00
4.910481452941894531e+00 5.179711818695068359e+00
4.331918239593505859e+00 3.829724311828613281e+00
5.141116142272949219e+00 3.291813611984252930e+00
4.647761821746826172e+00 3.957929372787475586e+00
6.966948509216308594e+00 3.490180969238281250e+00
6.392147064208984375e+00 3.021203041076660156e+00
4.426178932189941406e+00 3.887311458587646484e+00
5.419715404510498047e+00 3.671136379241943359e+00
4.271318912506103516e+00 5.144188404083251953e+00
4.447945117950439453e+00 4.346528530120849609e+00
5.367639064788818359e+00 2.750853300094604492e+00
4.852607727050781250e+00 6.059870719909667969e+00
6.970183372497558594e+00 3.670877218246459961e+00
7.240935802459716797e+00 5.404364109039306641e+00
6.410416603088378906e+00 4.716939449310302734e+00
5.375746726989746094e+00 2.992287397384643555e+00
6.041969776153564453e+00 4.022065639495849609e+00
7.130091190338134766e+00 4.339084625244140625e+00
6.168332099914550781e+00 4.104448318481445312e+00
5.479893684387207031e+00 2.871999502182006836e+00
6.328700065612792969e+00 3.396468639373779297e+00
6.729695320129394531e+00 3.348225831985473633e+00
7.144688129425048828e+00 3.864219665527343750e+00
5.508679866790771484e+00 5.490262985229492188e+00
6.869880199432373047e+00 5.123732089996337891e+00
6.144145011901855469e+00 6.365811347961425781e+00
5.504026412963867188e+00 6.192456722259521484e+00
5.685147285461425781e+00 4.953501701354980469e+00
6.746257781982421875e+00 4.481185913085937500e+00
5.816315650939941406e+00 6.130233287811279297e+00
6.283458232879638672e+00 5.596512317657470703e+00
6.512800216674804688e+00 4.880921363830566406e+00
3.975840568542480469e+00 5.389295578002929688e+00
3.281537532806396484e+00 4.604994297027587891e+00
6.530934333801269531e+00 5.605075836181640625e+00
4.633623123168945312e+00 4.751852989196777344e+00
3.888803243637084961e+00 5.774542331695556641e+00
5.054542541503906250e+00 6.215188980102539062e+00
7.152245044708251953e+00 3.840653181076049805e+00
4.476559162139892578e+00 5.484768867492675781e+00
5.692573547363281250e+00 4.809522628784179688e+00
5.995366096496582031e+00 2.707268476486206055e+00
4.945970058441162109e+00 5.636226177215576172e+00
2.699388504028320312e+00 4.446273803710937500e+00
5.137173175811767578e+00 2.762744903564453125e+00
3.836405038833618164e+00 5.398910999298095703e+00
3.757230281829833984e+00 5.028051853179931641e+00
3.748107910156250000e+00 5.710953712463378906e+00
4.649648189544677734e+00 2.694751977920532227e+00
4.616873741149902344e+00 5.948637962341308594e+00
3.554897546768188477e+00 5.682097434997558594e+00
3.409995317459106445e+00 5.349445343017578125e+00
